image: map64x64.pgm
resolution: 0.050000
origin: [-32.000000, -32.000000, 0]
negate: 0
occupied_thresh: 0.65
free_thresh: 0.196 

